0.0
0.0
0.0
0.0
0.0
0.0
0.01229187313509176
0.0
0.0
0.0
0.014475056572518507
0.0
0.0
0.0
0.0
0.0
0.0
0.0
0.0
0.0
0.0
0.0
0.0
0.014014866912698553
0.0
0.0
0.0
0.0
0.013488578447270375
0.012199104281242011
0.0
0.0
0.0
0.0
0.012433702440496667
0.0
0.0
0.0
0.0
0.0
0.009866010074860019
0.0
0.0
0.011943704314762807
0.0
0.01025188996150888
0.0
0.010070911634047143
0.0
0.0
0.022739244791529657
0.0
0.0
0.0
0.005615684947068557
0.0
0.0
0.0
0.0
0.0
0.0
0.0
0.0
0.0
0.0
0.0
0.0
0.012694094114643194
0.0
0.011450162814152773
0.0
0.0
0.0
0.0
0.0
0.0
0.008848802831740327
0.0
0.0
0.0
0.0
0.0
0.0
0.007199916780688492
0.0
0.0
0.009886124264615086
0.0
0.0
0.0
0.0
0.0
0.0
0.0
0.0
0.0
0.012948314958060612
0.0
0.012644443159827117
0.0
0.0
0.0
0.0
0.0
0.0
0.0
0.0
0.0
0.0
0.03190226284074802
0.01509461152309323
0.0
0.0
0.028070297839616204
0.0
0.014431976047005057
0.0
0.0
0.012107725222955555
0.0
0.0
0.0
0.0
0.017976437263368672
0.0
0.00552924053796317
0.0
0.0
0.006224831773804492
0.0
0.0
0.007183916965620296
0.0
0.0
0.0
0.0
0.0
0.0
0.0
0.0
0.0
0.0
0.0
0.0
0.021842990773845494
0.007027744857672029
0.0
0.0
0.006638116292667624
0.0
0.0
0.005469987537274337
0.0053493038629825705
0.0
0.012062547143765421
0.005831802708110283
0.0
0.0
0.008001887709230528
0.0
0.0
0.0
0.0
0.0
0.0
0.013649947788300351
0.0
0.013954371084298416
0.0
0.0068490733782396885
0.006947197638672922
0.0
0.0
0.0
0.00815667611739899
0.0
0.0
0.0
0.0
0.015642399844495804
0.0
0.0
0.0
0.0
0.0
0.0
0.0
0.0
0.0
0.0
0.0
0.0
0.0
0.0
0.0
0.0
0.007852864699261051
0.0
0.006853913712782614
0.018722563520438995
0.0
0.0
0.01142992092349723
0.0
0.0
0.0
0.007777295832868804
0.0
0.016635142201693653
0.0
0.008095398917852588
0.0
0.009132097837652918
0.014431976047005057
0.0
0.01485189571759173
0.0
0.016096743408443817
0.013258083258492686
0.006624513595346584
0.0
0.0
0.00640573837753461
0.013088107832101752
0.0
0.0
0.0
0.0
0.0
0.0
0.0
0.0
0.01763325073379527
0.0
0.0
0.0
0.0
0.0
0.0
0.0
0.0
0.005510390854311022
0.0
0.006157643113388825
0.0141271491676437
0.0
0.0
0.0
0.018579095600742144
0.0
0.0
0.0
0.0
0.0072809969246151645
0.0
0.0
0.0
0.0
0.0
0.0
0.026498054381386336
0.0
0.0
0.00844063351051993
0.0
0.0
0.00581432128512434
0.005421066463715707
0.0
0.0
0.0
0.0
0.010964712157815035
0.0057082330215346665
0.0
0.0
0.0
0.014241245086031423
0.0
0.0
0.02433698344689435
0.0
0.0
0.0
0.0
0.0
0.0136020868213007
0.0
0.016635142201693653
0.013114655718170925
0.010576104584064777
0.0
0.0
0.0
0.026753897665068686
0.0
0.0
0.0
0.0
0.01605676805229702
0.0
0.0
0.0
0.0
0.05251780453206173
0.0
0.0
0.01561721079482673
0.016190797835705175
0.0
0.04692719953348742
0.0
0.0
0.0
0.0
0.012694094114643194
0.0
0.012107725222955555
0.00997766245225041
0.0113165553134042
0.01009187086741665
0.008690222135831004
0.008988218631684336
0.006281274548955569
0.0
0.0
0.009140704904417906
0.0
0.0
0.0
0.008324710646856135
0.0
0.03426956856391307
0.0
0.03810722162509783
0.0
0.0
0.0
0.041210855114394054
0.0
0.0
0.010921495386922747
0.0
0.013185979474625967
0.010692709926777727
0.0
0.027447984632794523
0.0
0.019357860087000796
0.0
0.04707906749314271
0.02112916754594205
0.0
0.0
0.012214468392427454
0.0
0.0
0.0
0.01719554592834645
0.027319120855175773
0.013894395277345845
0.0
0.029036790130501196
0.0
0.010541617286508043
0.0
0.0
0.0
0.0
0.015542128050620831
0.0
0.0
0.0
0.0
0.0
0.0
0.0
0.007891202525294874
0.011134658901937313
0.0
0.14475056572518505
0.02970379143518346
0.0
0.0
0.04408312683448817
0.0
0.015642399844495804
0.01314131152247615
0.0
0.01995532490450082
0.006309881524780351
0.0
0.006076621493475814
0.0
0.0
0.007570872680396096
0.0
0.016663724920253264
0.01816158783443333
0.0
0.024490626019160102
0.0
0.017778712930499357
0.0
0.0
0.0
0.007237528286259253
0.016231444190104433
0.0
0.0
0.007460221464298
0.0
0.0
0.0
0.011614716052200477
0.0
0.0
0.0
0.0
0.043392787040659506
0.0
0.0
0.011263981304979558
0.0
0.0
0.0
0.0
0.0
0.0
0.0
0.0
0.0
0.0
0.010716340224958452
0.014251708895793386
0.0
0.014886090412260014
0.02970379143518346
0.01592493908635041
0.0
0.009210149955923456
0.007089391742388449
0.0
0.0
0.0
0.0
0.011856097681647188
0.0
0.008897511838153578
0.007612470881936734
0.0
0.01379557312032347
0.0
0.0
0.0
0.02357768534097423
0.0
0.0
0.0
0.0
0.0
0.0062488968450949735
0.006260999292180373
0.0
0.0
0.016354617038090047
0.0
0.0076726961262558535
0.0
0.018385379912014027
0.01110914994683551
0.0
0.014014866912698553
0.0
0.014431976047005057
0.006053862611477777
0.0
0.008477524391247727
0.0
0.0
0.0
0.008335442976869273
0.0
0.024125094287530843
0.0
0.0
0.0
0.0
0.0
0.0
0.0
0.0
0.0
0.014540161774493852
0.015667670280431988
0.0154677638015748
0.01682270234793998
0.0
0.012153242986951628
0.0
0.0
0.0
0.013775977135777556
0.0
0.0
0.012107725222955555
0.0
0.01995532490450082
0.006758388782987734
0.004976032787884761
0.0
0.0
0.0
0.0
0.0
0.0
0.0
0.0
0.0
0.0
0.011277078957659767
0.0
0.0
0.005628721940561462
0.0
0.0
0.01382507185115809
0.023985872803596205
0.0077710640253104155
0.014293718354587176
0.04956535555496115
0.041094440269438134
0.030788215566944124
0.0
0.013756436742677163
0.010909210240255793
0.0
0.02295452758245538
0.009517456235120117
0.0494180275342033
0.0
0.0
0.010241064312130305
0.041742989541983064
0.012828423152893384
0.0
0.0
0.0
0.0
0.0
0.012677500527565227
0.014272682713152905
0.0
0.0
0.01234664277986938
0.0063346099958114955
0.0074659645139240945
0.0
0.0
0.00509899469168633
0.005867082821286993
0.012222164969864398
0.0
0.0
0.0
0.0
0.0
0.0064612177905312455
0.0
0.0
0.0
0.0
0.02317392569554934
0.0
0.0
0.0
0.0232016457023622
0.0
0.0
0.0
0.0
0.0
0.011614716052200477
0.008824647773964876
0.0
0.007777295832868804
0.0
0.008832684793795446
0.0
0.0
0.012417782206898077
0.012062547143765421
0.0
0.0
0.0
0.0
0.0
0.0
0.012168491723447175
0.0
0.0
0.008605401866537177
0.0
0.005668198657853535
0.01011819290932436
0.0
0.0060614299397421245
0.005807358026100239
0.0
0.006772547418706284
0.007319462568745207
0.0
0.0
0.0
0.0
0.0
0.0
0.0
0.0
0.0
0.0
0.0
0.0
0.0
0.0
0.00792991651969534
0.0
0.0
0.0
0.0
0.011490862445008767
0.010417065417387109
0.012710731197362253
0.0
0.0
0.0
0.014158084530784524
0.0
0.07152129722409586
0.013159142338653186
0.022269317803874627
0.014367833931240592
0.030951982671023615
0.033674610776345135
0.029522946434056008
0.0
0.0
0.03457500143881426
0.010823982035253794
0.0
0.02503860904540637
0.04079195753349064
0.0
0.0
0.0
0.0
0.0
0.020590844805918045
0.012183778773351004
0.02207501040270273
0.0
0.0
0.007341625967893565
0.0
0.007500609360856458
0.00844063351051993
0.0
0.0
0.0
0.0
0.0
0.012481709013625997
0.0
0.0076848557080724245
0.013321824043389286
0.0
0.0
0.0
0.0
0.0
0.0
0.0
0.0
0.0
0.0
0.014966493678375615
0.01728750071940713
0.0
0.03238159567141035
0.0
0.03711079554944158
0.0
0.0
0.01816158783443333
0.0
0.0
0.0
0.010775875448430443
0.0
0.0
0.01397447824724409
0.0
0.0
0.01008138035715946
0.030181393890832152
0.007897628585983224
0.0
0.008232842023418844
0.01153185244183995
0.0
0.0
0.0
0.0
0.0
0.0
0.0
0.008055056398328405
0.0
0.007068722961798396
0.0
0.0
0.0
0.018229864480427443
0.0
0.0
0.0
0.0
0.0
0.0
0.012017704961074844
0.0
0.0
0.0
0.0
0.0
0.0
0.0
0.0
0.0
0.0
0.01391432984732769
0.012777717923040052
0.0
0.009149328210931508
0.007636447168179054
0.0
0.0
0.006977185542149208
0.012481709013625997
0.0
0.0062488968450949735
0.0
0.0073360725443172466
0.0
0.0
0.0
0.0
0.0
0.0
0.0
0.026354043216270107
0.0
0.0
0.0
0.0
0.0
0.0
0.0
0.0
0.0
0.0
0.00761845082764132
0.0
0.015381899926387627
0.010029253261207238
0.0
0.0
0.0063762576617931626
0.0
0.006252925792125983
0.0
0.0
0.007523885107515438
0.0077338819007874
0.0
0.0
0.0
0.010462014998476158
0.00844063351051993
0.0
0.0
0.0
0.0
0.0
0.008477524391247727
0.006401510167384422
0.0
0.006670074211545667
0.00590638727380475
0.0
0.0118851567445924
0.0
0.0
0.0
0.0
0.015592102738886494
0.01281147675506922
0.0
0.0
0.0
0.014367833931240592
0.0
0.0
0.0
0.0
0.0
0.0
0.0
0.0
0.0
0.0
0.0
0.0
0.0
0.0
0.0
0.0
0.0
0.0
0.01487467469875368
0.0
0.0
0.0
0.0
0.0
0.0
0.0
0.0
0.0
0.0
0.014262188093510882
0.0
0.0
0.022372059754526875
0.0
0.005990295184427054
0.0
0.005311220100540744
0.006200951345004731
0.004888249951404939
0.0
0.0
0.01245765947795427
0.0
0.0
0.0
0.0
0.0
0.00716798810316881
0.0
0.0
0.0
0.0
0.02686506344484044
0.0
0.0
0.0
0.0
0.0
0.0
0.0
0.0
0.006181190505791841
0.0
0.007308430974820949
0.0
0.008048371704221909
0.0
0.0
0.0
0.0
0.0
0.0
0.0
0.017926595015873195
0.006942224698344595
0.007814897585485415
0.0
0.0
0.0
0.0
0.0
0.0
0.0
0.0
0.012862450800513792
0.0
0.0
0.0
0.0
0.039584848586071024
0.0
0.0
0.0
0.0
0.0
0.010921495386922747
0.0
0.0
0.0
0.0
0.0
0.0
0.009946961952397332
0.0
0.0
0.013815224933885185
0.0
0.0
0.0
0.0
0.016895971957469336
0.0
0.0
0.006544053916050876
0.0
0.0
0.0
0.0
0.0
0.0
0.0
0.007703167516749324
0.0
0.0
0.0
0.0
0.0
0.0
0.0
0.02778879055469169
0.0
0.0
0.0
0.0
0.0
0.0
0.0
0.0
0.0
0.0
0.0
0.005576933814598849
0.005580142637276984
0.01231528622677765
0.005668198657853535
0.0060425469804282865
0.016119038066904262
0.0
0.0
0.0
0.0
0.0
0.0
0.0
0.0
0.0
0.0
0.0
0.0
0.0
0.0
0.0
0.0
0.0
0.0
0.015394107783472062
0.0
0.0
0.0
0.0
0.013954371084298416
0.014966493678375615
0.0
0.0
0.0
0.028070297839616204
0.0
0.0
0.0
0.021221636550519472
0.0262826230449523
0.0
0.0
0.0
0.0
0.0
0.0
0.005469987537274337
0.006834593307672586
0.0
0.0
0.00640573837753461
0.029080323548987704
0.007162694168085229
0.0
0.005466904117016572
0.0
0.0
0.0
0.0
0.008705823970904308
0.026000771859483643
0.010564583772971025
0.0
0.0
0.0
0.0
0.012913832095322769
0.011083757604099886
0.026000771859483643
0.0
0.0
0.0
0.0
0.0
0.0
0.0
0.0158988326288318
0.0
0.0
0.015224941763873468
0.0
0.0
0.013678826380236106
0.0
0.0
0.0
0.0
0.0
0.013070468872759299
0.0
0.0
0.0
0.0
0.007297432583587208
0.007248346714190882
0.00734718780574803
0.008433293829206434
0.0
0.0
0.0
0.014572934490739894
0.019893923904794664
0.0061265242600046736
0.0
0.0
0.0
0.0
0.019792424293035512
0.0
0.0
0.0
0.042443273101038945
0.0
0.0
0.0
0.0
0.0
0.0
0.016136918308797668
0.0
0.0
0.0
0.0
0.0
0.0
0.0
0.0
0.0
0.013756436742677163
0.0
0.0
0.0
0.0
0.01345116214089792
0.009280658280944879
0.011741268648410895
0.009218904851318821
0.01272741194696509
0.015718456893982817
0.0
0.006016307632498386
0.0
0.00626909366747731
0.0
0.006008852480537422
0.0
0.0
0.0
0.006107234196213727
0.0
0.0
0.0
0.0
0.0
0.01719554592834645
0.016136918308797668
0.0
0.016895971957469336
0.0
0.01657826992066222
0.0
0.0
0.0
0.0
0.013088107832101752
0.014672145088634493
0.0
0.0
0.015769573826971382
0.0
0.0
0.01345116214089792
0.014199543050640409
0.013212926299165394
0.0
0.011798403775653771
0.0
0.010018892462383678
0.0
0.00822585912093927
0.0049330050374300095
0.006016307632498386
0.0
0.0
0.0
0.005322880298346542
0.0
0.0
0.0
0.005519799603635401
0.0
0.0
0.0
0.0
0.0
0.005701521401285949
0.006161555211936086
0.01771916182141425
0.0
0.0
0.0
0.0
0.0
0.0
0.0
0.0
0.009845977567093806
0.0
0.0
0.0
0.0
0.0
0.010704512034864678
0.0
0.011147457360445286
0.009175296029884011
0.0505119161645177
0.0
0.008582555666891504
0.0
0.008260892592493525
0.0
0.0
0.0
0.0
0.013583036279534173
0.005752246680656821
0.006380452568149605
0.0
0.0
0.00520573693160891
0.011518156655091923
0.0
0.0067678212865229575
0.010740075197771206
0.0
0.00845535126729503
0.0
0.0
0.0
0.008690222135831004
0.0
0.0
0.0
0.0
0.01086034479685039
0.0
0.0
0.0
0.0
0.0
0.0
0.0
0.0
0.0
0.0
0.0
0.011870609429115542
0.0
0.0
0.0
0.0
0.0
0.012433702440496667
0.012578842935911024
0.0
0.0
0.0
0.0
0.0
0.0
0.01153185244183995
0.0226331106268084
0.0
0.006868475852399008
0.005783117414184496
0.005731848642782151
0.005895615746861641
0.007210622976644906
0.0071206225430157115
0.006907612466942593
0.013573531005720643
0.0
0.007131094046755441
0.0
0.0
0.011020781708622043
0.009424963949064528
0.00846272940976213
0.01105848107592634
0.0
0.010339326123227504
0.0
0.0
0.0
0.0
0.0
0.008184209201339578
0.0
0.0
0.0
0.0
0.0
0.011769766873285677
0.0
0.0
0.0
0.0
0.0
0.0
0.0
0.0
0.0
0.0
0.0
0.0
0.011559341958983789
0.0
0.0
0.0
0.0
0.0
0.011958431447086805
0.0
0.006665489968101306
0.0
0.0
0.019091117920447636
0.0
0.0
0.0
0.006897786560161735
0.0
0.0
0.02153579845356195
0.5244259384902816
0.7903891022747439
0.3366466259000057
0.3549160679610708
0.07286964954881242
0.21243090606004414
0.13896490962908037
0.1307267114215656
0.12433702440496665
0.11461612976966926
0.08843423620292461
0.14358165133171116
0.18545657408434846
0.045901295013598235
0.04618232335041619
0.11161712421008516
0.02010007855665782
0.11918018929139661
0.07600539109394512
0.02348253729682179
0.03947742701595956
0.07079042265392262
0.05807358026100239
0.2132870560944189
0.05218809634217435
0.07651509194151794
0.05807358026100239
0.030259868653938843
0.03402908036346456
0.05086514634748636
0.0
0.09166623727398299
0.016779044815895153
0.06939740897021394
0.13105794464307297
0.06138156901004683
0.11443407555855338
0.048531882753564966
0.048630383470710456
0.08048371704221909
0.12845414441837616
0.06787293245123374
0.09564386492689743
0.11124891657286491
0.053360593692365337
0.07380736608514002
0.09550686386702005
0.07341008505659091
0.08466012718941474
0.06809229220171695
0.051368050336797665
0.05035455817023572
0.06913239849807719
0.11115516221876676
0.024225531815788674
0.10117438945620238
0.037016366044226715
0.06937258872380114
0.060398590146896615
0.058706343242054475
0.08350309388082632
0.1475534812440683
0.04194761203973789
0.013564039025996363
0.03848526945868015
0.0
0.0
0.042044600738095655
0.013621190875825
0.04316745357679851
0.031184205477772987
0.032435745496947825
0.03451348008394092
0.060614299397421245
0.015106367451070715
0.017926595015873195
0.032709234076180094
0.0
0.015272894336358108
0.0
0.033674610776345135
0.09124733242622553
0.011698779135811096
0.016750065463881518
0.07113658608988313
0.05605946765079421
0.06758388782987734
0.0797318138560997
0.0412400619571399
0.023091161675208097
0.032354588502376644
0.008389522407947577
0.052612773437183
0.03605311488322453
0.030788215566944124
0.031642048625081236
0.2660709987266776
0.07438763492684486
0.1376531186315631
0.1469437561149606
0.07884786913485692
0.06256959937798322
0.03222022559331362
0.0500341594338129
0.08400826865475129
0.07384483175320355
0.11277078957659767
0.012982982467988485
0.018437809702637642
0.018686489216931404
0.020079271021920083
0.05605946765079421
0.12380793068409446
0.062168512202483324
0.03522380594523269
0.036875619405275284
0.04100755984603552
0.0362778849261374
0.16056768052297019
0.03823240960678344
0.04777481725905123
0.014137445923596791
0.02284637904260871
0.03783467322595865
0.042044600738095655
0.02281950094961741
0.020841592916018767
0.0073695196835770515
0.027338373230690344
0.007523885107515438
0.007048174348537354
0.037358582063125576
0.035892997422603254
0.011914358603915723
0.022900325628305546
0.059055880333076176
0.06592491777363035
0.05155616723702693
0.07188757880017614
0.06913879905344225
0.034986608598800144
0.03207105788223346
0.030150117834986733
0.10775875448430444
0.02323870903415511
0.052302014888375804
0.04587648014942005
0.09806155615356318
0.1230379808664073
0.044658271236780046
0.12398379422199801
0.007969012246168774
0.07831726436275155
0.014627885224113724
